-1.086240344157262712e+02
-1.087655494746803839e+02
-1.088819296780873600e+02
-1.089768909137742412e+02
-1.090536051540853748e+02
-1.091147869615902692e+02
-1.091627646496484374e+02
-1.091995385583114455e+02
-1.092268290346377597e+02
-1.092461161414241957e+02
-1.092586728896558128e+02
-1.092655933437462323e+02
-1.092678166980613952e+02
-1.092661481180510918e+02
-1.092612768953616325e+02
-1.092537923358888605e+02
-1.092441976351797024e+02
-1.092329219803830540e+02
-1.092203310316263583e+02
-1.092067359598867000e+02
-1.091924012095963832e+02
-1.091775511301808734e+02
-1.091623756595773642e+02
-1.091470352035402840e+02
-1.091316648403104352e+02
-1.091163780122105891e+02
-1.091012697274886847e+02
-1.090864194842847610e+02
-1.090718938058549412e+02
-1.090577486028162753e+02
-1.090440312472301088e+02
-1.090307825081223285e+02
-1.090180382303910847e+02
-1.090058308672531240e+02
-1.089941907617134262e+02
-1.089831472178098153e+02
-1.089727292863721999e+02
-1.089629661441827153e+02
-1.089538869503111300e+02
-1.089455201552118382e+02
-1.089378916583257819e+02
-1.089310232663907101e+02
-1.089249285018087647e+02
-1.089196071131677002e+02
-1.089150496215839041e+02
-1.089112216193111635e+02
-1.089080709094235289e+02
-1.089055364854241930e+02
-1.089035446631400674e+02
-1.089020211978667874e+02
-1.089008642087290184e+02
-1.089000261694206273e+02
-1.088994096605350137e+02
-1.088989626360942680e+02
-1.088986523500982742e+02
-1.088984301021495469e+02
-1.088982411947204128e+02
-1.088981020262269084e+02
-1.088979531133820444e+02
-1.088977921511479536e+02
-1.088976354503782602e+02
-1.088974287437279855e+02
-1.088972558784476092e+02
-1.088970194322444769e+02
-1.088967258065019195e+02
-1.088964056012830355e+02
-1.088961290958238806e+02
-1.088957214103686937e+02
-1.088953495103526876e+02
-1.088949643360704158e+02
-1.088945331329456963e+02
-1.088941019239264563e+02
-1.088936734670293021e+02
-1.088932289119085937e+02
-1.088927417191315499e+02
-1.088923567992013517e+02
-1.088918148196391940e+02
-1.088913690834386472e+02
-1.088908960694737260e+02
-1.088903864158353230e+02
-1.088899722753531591e+02
-1.088895943737820602e+02
-1.088891206319319735e+02
-1.088886901157670763e+02
-1.088882907758307397e+02
-1.088878509155837833e+02
-1.088874706379780264e+02
-1.088871132332096039e+02
-1.088867346876025692e+02
-1.088864274684452198e+02
-1.088859945624160162e+02
